100072416851679 | 663796
100011520547567 | 646616
100068715223666 | 405081
100013295256536 | 789126
100018385787634 | 839921
100022598460995 | 719755
100006796363084 | 995508
100016681451898 | 270453
100011223610689 | 552395
100015926708648 | 813455
100039405050392 | 382768
100022724775632 | 231574
100033989483586 | 139283
100068667294080 | 951571
100012310817392 | 430245
100027149194569 | 208365
100032640890492 | 154395
100039026687892 | 616979
100027343482788 | 767238
100016234811279 | 294375
100011281624911 | 663035
100030571999886 | 807910
100014664795877 | 569876
100022594254012 | 666707
100079084628665 | 594185
100024876031086 | 399464
100012633306004 | 095434
100014336883382 | 548403
100077344247285 | 762412
100040458666585 | 047241
100053866387624 | 354155
100033069695188 | 437836
100015059108691 | 220075
100030813397243 | 943163
100006686415043 | 484803
100026945197135 | 849712
100076008699781 | 215333
100018561099322 | 890549
100078180116238 | 750085
100013868948914 | 303353
100075347832520 | 788051
100009072407662 | 731976
100015818325522 | 749077
100030649452740 | 475979
100040579063046 | 333616
100010345591238 | 919542
100035430072022 | 969997
100024864563451 | 026526
100022033142805 | 855816
100071605564762 | 958998
100029207850342 | 223647
100013597217344 | 742201
100081324791036 | 636520
100054374474710 | 510561
100026723926550 | 951369
100034054248338 | 700561
100016393414068 | 144132
100009147893917 | 041481
100062382339626 | 744253
100014103677014 | 174698
100014288284164 | 917126
100018118727816 | 745033
100032106586341 | 443096
100026277918171 | 423518
100044401720750 | 468650
100022037618338 | 414556
100024420365290 | 964283
100034446211210 | 719182
100012224410969 | 928393
100014121666448 | 576965
100010188551211 | 714507
100035261869410 | 245664
100023852932394 | 884869
100025381784739 | 930480
100010852871638 | 284653
100029118817553 | 707121
100034415663745 | 563465
100020985426401 | 379493
100015189300892 | 275146
100067481722020 | 176284
100009322226452 | 019048
100053471886778 | 812789
100026927561569 | 235417
100032709246073 | 804888
100009930570457 | 267654
100015880509296 | 701697
100007239257569 | 308328
100026337700839 | 725610
100019272572026 | 730531
100030764623007 | 756868
100026456205305 | 548497
100005683486166 | 880916
100014512085239 | 888827
100046662816776 | 713663
100011307721705 | 424534
100035254463555 | 424667
100022480181401 | 498896
100011856679094 | 406546
100047373451203 | 804623
100016714323599 | 317958
100039647302055 | 267323
100010303601012 | 955316
100028231939974 | 190185
100067900145374 | 367746
100006391715551 | 701440
100013295494774 | 916557
100014954581151 | 644173
100045513623437 | 518903
100011090505016 | 359530
100010612691968 | 313145
100076396346491 | 829630
100071588600719 | 382760
100075388447490 | 750843
100042257349140 | 359007
100009699639037 | 089151
100014821368944 | 728604
100028919623675 | 317131
100022542242434 | 002538
100015691718530 | 020255
100010154855776 | 188553
100014378896531 | 512409
100009359549161 | 362259
100015156616444 | 898415
100012399434346 | 273042
100024230375092 | 110824
100013807426757 | 907092
100022380758786 | 683470
100027900784426 | 472761
100052494434101 | 451663
100017037937826 | 581814
100076211109158 | 940771
100066407167499 | 463546
100009016405916 | 231011
100012977114022 | 432093
100067206276992 | 063133
100014032750426 | 217424
100004872967565 | 590645
100022783565232 | 541000
100013131403994 | 472788
100026242897485 | 427029
100027032204950 | 525099
100031301048284 | 223698
100078509915224 | 791241
100013118532003 | 889285
100009120641920 | 934982
100035274241701 | 075293
100023528799627 | 320419
100025372742334 | 012873
100013033871380 | 433100
100013247016348 | 209224
100078830497689 | 794403
100012472380637 | 926468
100013785570286 | 965698
100015866595592 | 786756
100010870780476 | 352780
100006807349096 | 003116
100015043595371 | 491332
100023844793757 | 232103
100042836076917 | 968936
100024282333532 | 670342
100038186601371 | 738102
100016646658240 | 802849
100051700241788 | 918659
100012850653835 | 371102
100033485521744 | 389601
100015213005959 | 426730
100015308407047 | 102423
100012864600927 | 110762
100046989675036 | 400449
100010195632644 | 965191
100023129709941 | 401038
100027265899698 | 424573
100027420223799 | 586194
100021880389945 | 938438
100071523620341 | 612119
100044766382898 | 395485
100012568723024 | 384514
100008732611213 | 769212
100019418731896 | 653663
100044202697175 | 987041
100014986007407 | 166306
100010110191569 | 434722
100081252588697 | 184370
100028771278737 | 807369
100026489802358 | 607173
100080052025692 | 073300
100053800745865 | 292124
100015458554216 | 887487
100021943396682 | 804278
100002192049425 | 557077
100073005235256 | 408470
100010344886760 | 444298
100023320540318 | 849902
100029415365871 | 314396
100011322462785 | 486151
100011649851184 | 469081
100012695230261 | 898486
100010496677600 | 252721
100006466991038 | 565648
100005666379217 | 463341
100081687505268 | 2870540
100049244301390 | 9352446
100038080371425 | 6667717
100032360318223 | 4882669
100080274042638 | 2786071
100005920784344 | 5492911
100043246573783 | 1505719
100030274811511 | 8172882
100007964077766 | 2379125
100013279360429 | 7534362
100007874926236 | 0179157
100029809299354 | 6828360
100036108870946 | 8988876
100026735520503 | 3218271
100022843328885 | 2419964
100013461578945 | 2834971
100024762375019 | 7398749
100022014486821 | 6130737
100013843268954 | 6464900
100012222284577 | 4860126
100011504863237 | 6234454
100011070165836 | 3787339
100033071020262 | 3469179
100021196597659 | 8086353
100022197453245 | 8623010
100004358899411 | 1955235
100016147937900 | 8698262
100008003137294 | 6654320
100023999265380 | 4235017
100023447224804 | 7634292
100011241131678 | 6716545
100081617659335 | 4322773
100077397305867 | 5288561
100014172007426 | 1803991
100013410514607 | 8720671
100024539291363 | 2441343
100026134740961 | 3251344
100078428796426 | 0130182
100009555136030 | 0257795
100009523255568 | 8614921
100029388833335 | 1651095
100017924194362 | 8293581
100022838085890 | 5278680
100026573535398 | 8915493
100010126119838 | 6767012
100013012959745 | 2358200
100015694219042 | 7266905
100021713713505 | 1500745
100014532425850 | 1466122
100027963019447 | 9327491
100027159963319 | 9092420
100073040895914 | 9445626
100016746796095 | 2527475
100024909217392 | 0469962
100014548803370 | 5397334
100016446279138 | 0689580
100012802651778 | 1387117
100015082443286 | 8592575
100015772863306 | 6402957
100027469156450 | 1192414
100012342884952 | 1140555
100022049359877 | 0897165
100023932836335 | 5029627
100015133570611 | 3126981
100012180529256 | 9800497
100031177182593 | 5447202
100007951807827 | 8357068
100037644182111 | 2272042
100010422704232 | 1625556
100037139641989 | 6310463
100010361672053 | 0678217
100066498552421 | 6781574
100013304413393 | 4738361
100009461586010 | 8255849
100013897878530 | 3891186
100015914583898 | 1202558
100025638280454 | 8701080
100006470719357 | 3403413
100036068386697 | 8314105
100009672886853 | 5986738
100022006290376 | 9131973
100082954122443 | 8675715
100029920551833 | 9445670
100014366895457 | 9992898
100014940664113 | 2682442
100013629156828 | 8025666
100015319934705 | 6765605
100034663534177 | 9323689
100009403674879 | 1637456
100009717371686 | 4504370
100013482692735 | 6366510
100023985427608 | 8347341
100077307934061 | 4694423
100072866970598 | 6839955
100049196648359 | 0158471
100019452123850 | 0083735
100012769983065 | 7167795
100015324257467 | 3315737
100015217115379 | 9472418
100025788739775 | 7425839
100021397334280 | 6506886
100033364710090 | 3106813
100009592943474 | 0812782
100013655522996 | 8768577
100012581388855 | 5327086
100010016208895 | 5246033
100006336035951 | 2184032
100037823355655 | 1599794
100018323952841 | 1498970
100018275265977 | 7251679
100045488221334 | 6369429
100021968080028 | 5192096
100015803851399 | 8337294
100015861103322 | 4277404
100079484392787 | 8082487
100080442639421 | 0705703
100038297679133 | 2718524
100022069369395 | 9392790
100017202577624 | 5748604
100018591521287 | 7248267
100079127497237 | 7341625
100042683593742 | 8447290
100021944142567 | 9905540
100029601005631 | 2583983
100017496428080 | 7563811
